IGNORE NaN
N_TRX 10


TRX_EY_DIPOLE
 -10 -1 1

N_RECV 10
N_FREQ 3
1.00000000e+01	-1.00000000e+00	1.00000000e+08	-5.18703850e-05	-1.47574097e-04
1.00000000e+01	-1.00000000e+00	2.00000000e+08	-2.49376858e-05	-3.32000099e-05
1.00000000e+01	-1.00000000e+00	4.00000000e+08	-3.91216385e-06	-1.57961759e-05
1.00000000e+01	-2.00000000e+00	1.00000000e+08	5.15881259e-06	-1.44107543e-04
1.00000000e+01	-2.00000000e+00	2.00000000e+08	8.79582697e-05	-3.82783723e-05
1.00000000e+01	-2.00000000e+00	4.00000000e+08	-4.32989588e-05	6.69815529e-05
1.00000000e+01	-3.00000000e+00	1.00000000e+08	2.76087967e-05	-1.05668259e-04
1.00000000e+01	-3.00000000e+00	2.00000000e+08	8.13568866e-05	-3.60017318e-05
1.00000000e+01	-3.00000000e+00	4.00000000e+08	-9.37868683e-06	1.71578238e-05
1.00000000e+01	-4.00000000e+00	1.00000000e+08	1.81777321e-05	-6.52248656e-05
1.00000000e+01	-4.00000000e+00	2.00000000e+08	6.19381511e-05	-6.21069547e-06
1.00000000e+01	-4.00000000e+00	4.00000000e+08	3.78603463e-05	6.97538605e-05
1.00000000e+01	-5.00000000e+00	1.00000000e+08	1.35400965e-06	-3.14399657e-05
1.00000000e+01	-5.00000000e+00	2.00000000e+08	6.58223335e-06	-4.49300431e-05
1.00000000e+01	-5.00000000e+00	4.00000000e+08	4.89361777e-05	2.65799278e-05
1.00000000e+01	-6.00000000e+00	1.00000000e+08	-1.05984012e-05	-5.29622795e-06
1.00000000e+01	-6.00000000e+00	2.00000000e+08	-5.42868713e-06	-4.63506800e-06
1.00000000e+01	-6.00000000e+00	4.00000000e+08	1.41996519e-05	-1.56841662e-05
1.00000000e+01	-7.00000000e+00	1.00000000e+08	-1.75323042e-05	5.20337141e-06
1.00000000e+01	-7.00000000e+00	2.00000000e+08	-2.01333176e-05	2.13194762e-05
1.00000000e+01	-7.00000000e+00	4.00000000e+08	-5.13616286e-06	-4.14272894e-06
1.00000000e+01	-8.00000000e+00	1.00000000e+08	-2.07819479e-05	4.07928598e-06
1.00000000e+01	-8.00000000e+00	2.00000000e+08	1.82089440e-05	-6.39099246e-06
1.00000000e+01	-8.00000000e+00	4.00000000e+08	4.34062973e-07	7.85405326e-06
1.00000000e+01	-9.00000000e+00	1.00000000e+08	-1.31625254e-05	7.06168769e-06
1.00000000e+01	-9.00000000e+00	2.00000000e+08	2.33308853e-06	-2.24280516e-05
1.00000000e+01	-9.00000000e+00	4.00000000e+08	-5.01242131e-06	-9.92859667e-06
1.00000000e+01	-1.00000000e+01	1.00000000e+08	1.28726365e-05	1.98055363e-06
1.00000000e+01	-1.00000000e+01	2.00000000e+08	-4.03685375e-06	9.70833583e-06
1.00000000e+01	-1.00000000e+01	4.00000000e+08	7.63439920e-06	1.76333107e-06

TRX_EY_DIPOLE
 -10 -2 1

N_RECV 10
N_FREQ 3
1.00000000e+01	-1.00000000e+00	1.00000000e+08	4.61926114e-06	-1.43965900e-04
1.00000000e+01	-1.00000000e+00	2.00000000e+08	8.76235800e-05	-3.86779159e-05
1.00000000e+01	-1.00000000e+00	4.00000000e+08	-4.29244927e-05	6.74551680e-05
1.00000000e+01	-2.00000000e+00	1.00000000e+08	5.17060687e-05	-9.99467154e-05
1.00000000e+01	-2.00000000e+00	2.00000000e+08	9.55174163e-05	-3.71186889e-06
1.00000000e+01	-2.00000000e+00	4.00000000e+08	-2.28281989e-05	-1.47801668e-05
1.00000000e+01	-3.00000000e+00	1.00000000e+08	4.27305722e-05	-5.16058690e-05
1.00000000e+01	-3.00000000e+00	2.00000000e+08	6.26849984e-05	5.56293150e-05
1.00000000e+01	-3.00000000e+00	4.00000000e+08	-3.61847088e-05	7.92206319e-05
1.00000000e+01	-4.00000000e+00	1.00000000e+08	1.40309848e-05	-2.89148760e-05
1.00000000e+01	-4.00000000e+00	2.00000000e+08	4.31434664e-05	-5.61614010e-06
1.00000000e+01	-4.00000000e+00	4.00000000e+08	-4.17867764e-05	6.71732231e-05
1.00000000e+01	-5.00000000e+00	1.00000000e+08	-4.32474130e-06	-1.58490913e-05
1.00000000e+01	-5.00000000e+00	2.00000000e+08	1.89297873e-05	1.43384297e-05
1.00000000e+01	-5.00000000e+00	4.00000000e+08	4.78623788e-06	4.46562989e-05
1.00000000e+01	-6.00000000e+00	1.00000000e+08	-1.08600067e-05	-1.46041746e-06
1.00000000e+01	-6.00000000e+00	2.00000000e+08	-1.16425316e-05	-3.51349882e-05
1.00000000e+01	-6.00000000e+00	4.00000000e+08	2.17095462e-05	2.11281865e-06
1.00000000e+01	-7.00000000e+00	1.00000000e+08	-7.67621731e-06	2.57014409e-06
1.00000000e+01	-7.00000000e+00	2.00000000e+08	6.93032355e-06	6.60010267e-07
1.00000000e+01	-7.00000000e+00	4.00000000e+08	-5.55240969e-06	-4.58650598e-06
1.00000000e+01	-8.00000000e+00	1.00000000e+08	-5.41193665e-06	-8.27918807e-06
1.00000000e+01	-8.00000000e+00	2.00000000e+08	-1.79538716e-05	1.59217468e-05
1.00000000e+01	-8.00000000e+00	4.00000000e+08	7.29857684e-06	-3.29726002e-06
1.00000000e+01	-9.00000000e+00	1.00000000e+08	-1.75840815e-05	-8.66691790e-06
1.00000000e+01	-9.00000000e+00	2.00000000e+08	-5.30931383e-06	6.64743913e-06
1.00000000e+01	-9.00000000e+00	4.00000000e+08	-6.51654378e-06	3.26766140e-06
1.00000000e+01	-1.00000000e+01	1.00000000e+08	-1.53519081e-05	2.18151068e-05
1.00000000e+01	-1.00000000e+01	2.00000000e+08	2.38408778e-05	-2.68250266e-05
1.00000000e+01	-1.00000000e+01	4.00000000e+08	1.47207466e-05	-5.46326632e-06

TRX_EY_DIPOLE
 -10 -3 1

N_RECV 10
N_FREQ 3
1.00000000e+01	-1.00000000e+00	1.00000000e+08	2.66673794e-05	-1.05526247e-04
1.00000000e+01	-1.00000000e+00	2.00000000e+08	8.06959881e-05	-3.74840994e-05
1.00000000e+01	-1.00000000e+00	4.00000000e+08	-8.42304621e-06	1.83846358e-05
1.00000000e+01	-2.00000000e+00	1.00000000e+08	4.23771357e-05	-5.16651587e-05
1.00000000e+01	-2.00000000e+00	2.00000000e+08	6.28918042e-05	5.48527299e-05
1.00000000e+01	-2.00000000e+00	4.00000000e+08	-3.59015660e-05	7.96725985e-05
1.00000000e+01	-3.00000000e+00	1.00000000e+08	1.62359790e-05	-2.78513485e-05
1.00000000e+01	-3.00000000e+00	2.00000000e+08	2.70429857e-05	4.57626476e-06
1.00000000e+01	-3.00000000e+00	4.00000000e+08	-7.26796850e-05	5.61485935e-05
1.00000000e+01	-4.00000000e+00	1.00000000e+08	1.30622222e-06	-2.81908789e-05
1.00000000e+01	-4.00000000e+00	2.00000000e+08	1.08944384e-05	2.69299843e-05
1.00000000e+01	-4.00000000e+00	4.00000000e+08	-4.37874571e-05	9.72482219e-06
1.00000000e+01	-5.00000000e+00	1.00000000e+08	-2.78568647e-06	-1.65523557e-05
1.00000000e+01	-5.00000000e+00	2.00000000e+08	1.16395164e-05	-5.14541999e-05
1.00000000e+01	-5.00000000e+00	4.00000000e+08	-1.22239841e-05	1.18118810e-05
1.00000000e+01	-6.00000000e+00	1.00000000e+08	-1.13876598e-05	3.49661078e-06
1.00000000e+01	-6.00000000e+00	2.00000000e+08	2.74007118e-05	8.53481969e-06
1.00000000e+01	-6.00000000e+00	4.00000000e+08	1.18233874e-05	9.57060634e-06
1.00000000e+01	-7.00000000e+00	1.00000000e+08	-1.19458200e-05	8.86139083e-06
1.00000000e+01	-7.00000000e+00	2.00000000e+08	-3.85861529e-05	8.01799762e-06
1.00000000e+01	-7.00000000e+00	4.00000000e+08	8.66313798e-06	-1.70993200e-05
1.00000000e+01	-8.00000000e+00	1.00000000e+08	-3.53035977e-06	-1.12211021e-05
1.00000000e+01	-8.00000000e+00	2.00000000e+08	1.28173074e-05	-3.76796046e-05
1.00000000e+01	-8.00000000e+00	4.00000000e+08	-1.94760277e-05	6.27151986e-06
1.00000000e+01	-9.00000000e+00	1.00000000e+08	-1.92184916e-05	-3.79520078e-05
1.00000000e+01	-9.00000000e+00	2.00000000e+08	9.19170721e-06	-2.75787995e-05
1.00000000e+01	-9.00000000e+00	4.00000000e+08	1.48592948e-05	1.69941153e-06
1.00000000e+01	-1.00000000e+01	1.00000000e+08	-5.88098886e-05	-1.86933851e-05
1.00000000e+01	-1.00000000e+01	2.00000000e+08	2.43287986e-05	5.77511408e-05
1.00000000e+01	-1.00000000e+01	4.00000000e+08	-1.77780600e-05	-1.74057836e-05

TRX_EY_DIPOLE
 -10 -4 1

N_RECV 10
N_FREQ 3
1.00000000e+01	-1.00000000e+00	1.00000000e+08	1.71850481e-05	-6.49899803e-05
1.00000000e+01	-1.00000000e+00	2.00000000e+08	6.07973397e-05	-7.61748280e-06
1.00000000e+01	-1.00000000e+00	4.00000000e+08	4.02958687e-05	6.82306114e-05
1.00000000e+01	-2.00000000e+00	1.00000000e+08	1.35989084e-05	-2.88947912e-05
1.00000000e+01	-2.00000000e+00	2.00000000e+08	4.33628628e-05	-6.56996334e-06
1.00000000e+01	-2.00000000e+00	4.00000000e+08	-4.02520126e-05	6.81361062e-05
1.00000000e+01	-3.00000000e+00	1.00000000e+08	1.13816871e-06	-2.81230698e-05
1.00000000e+01	-3.00000000e+00	2.00000000e+08	1.07208246e-05	2.68563253e-05
1.00000000e+01	-3.00000000e+00	4.00000000e+08	-4.39207799e-05	1.10862318e-05
1.00000000e+01	-4.00000000e+00	1.00000000e+08	6.76606461e-06	-2.29314883e-05
1.00000000e+01	-4.00000000e+00	2.00000000e+08	3.63832864e-05	-3.46690774e-05
1.00000000e+01	-4.00000000e+00	4.00000000e+08	-8.39618971e-06	8.13670849e-06
1.00000000e+01	-5.00000000e+00	1.00000000e+08	-1.59733711e-06	2.49065489e-07
1.00000000e+01	-5.00000000e+00	2.00000000e+08	3.80585038e-05	3.70570075e-05
1.00000000e+01	-5.00000000e+00	4.00000000e+08	2.17568626e-05	4.64837306e-06
1.00000000e+01	-6.00000000e+00	1.00000000e+08	-2.16485584e-05	9.61521034e-06
1.00000000e+01	-6.00000000e+00	2.00000000e+08	-2.49803491e-05	-8.96798338e-06
1.00000000e+01	-6.00000000e+00	4.00000000e+08	-1.15087850e-06	-2.64780620e-05
1.00000000e+01	-7.00000000e+00	1.00000000e+08	-1.60019194e-05	-5.32619579e-06
1.00000000e+01	-7.00000000e+00	2.00000000e+08	1.75954529e-05	-1.77796177e-05
1.00000000e+01	-7.00000000e+00	4.00000000e+08	-2.29162944e-05	2.21234754e-05
1.00000000e+01	-8.00000000e+00	1.00000000e+08	1.57938193e-05	-3.85583359e-05
1.00000000e+01	-8.00000000e+00	2.00000000e+08	4.28302904e-05	2.39562597e-05
1.00000000e+01	-8.00000000e+00	4.00000000e+08	3.59447774e-05	-2.00692907e-06
1.00000000e+01	-9.00000000e+00	1.00000000e+08	2.24879241e-05	-8.50043510e-05
1.00000000e+01	-9.00000000e+00	2.00000000e+08	2.40556558e-05	-2.14441094e-06
1.00000000e+01	-9.00000000e+00	4.00000000e+08	-3.28246196e-05	-1.68871117e-05
1.00000000e+01	-1.00000000e+01	1.00000000e+08	-3.19934785e-05	-1.01097746e-04
1.00000000e+01	-1.00000000e+01	2.00000000e+08	-5.37178240e-05	1.34334988e-05
1.00000000e+01	-1.00000000e+01	4.00000000e+08	3.30958661e-05	3.45059694e-05

TRX_EY_DIPOLE
 -10 -5 1

N_RECV 10
N_FREQ 3
1.00000000e+01	-1.00000000e+00	1.00000000e+08	6.41259861e-07	-3.10306670e-05
1.00000000e+01	-1.00000000e+00	2.00000000e+08	4.99282840e-06	-4.53451533e-05
1.00000000e+01	-1.00000000e+00	4.00000000e+08	4.94105874e-05	2.32735173e-05
1.00000000e+01	-2.00000000e+00	1.00000000e+08	-4.60028798e-06	-1.56013820e-05
1.00000000e+01	-2.00000000e+00	2.00000000e+08	1.85703763e-05	1.36052337e-05
1.00000000e+01	-2.00000000e+00	4.00000000e+08	6.80920458e-06	4.42306785e-05
1.00000000e+01	-3.00000000e+00	1.00000000e+08	-2.99607731e-06	-1.62848308e-05
1.00000000e+01	-3.00000000e+00	2.00000000e+08	1.10913153e-05	-5.17444598e-05
1.00000000e+01	-3.00000000e+00	4.00000000e+08	-1.20903203e-05	1.30312505e-05
1.00000000e+01	-4.00000000e+00	1.00000000e+08	-1.72881650e-06	3.39284229e-07
1.00000000e+01	-4.00000000e+00	2.00000000e+08	3.82792216e-05	3.65239526e-05
1.00000000e+01	-4.00000000e+00	4.00000000e+08	2.14554757e-05	5.07387600e-06
1.00000000e+01	-5.00000000e+00	1.00000000e+08	-2.18712241e-05	1.33647568e-05
1.00000000e+01	-5.00000000e+00	2.00000000e+08	-3.90055285e-05	-2.23864182e-05
1.00000000e+01	-5.00000000e+00	4.00000000e+08	1.77746098e-05	-3.69808202e-05
1.00000000e+01	-6.00000000e+00	1.00000000e+08	-2.69401593e-05	-1.47272362e-07
1.00000000e+01	-6.00000000e+00	2.00000000e+08	1.64668528e-05	-5.65055059e-06
1.00000000e+01	-6.00000000e+00	4.00000000e+08	-3.08162710e-05	-2.89011577e-05
1.00000000e+01	-7.00000000e+00	1.00000000e+08	1.74883555e-05	-1.97179415e-05
1.00000000e+01	-7.00000000e+00	2.00000000e+08	-2.92406872e-05	5.49537171e-05
1.00000000e+01	-7.00000000e+00	4.00000000e+08	-3.01170137e-05	2.66222795e-06
1.00000000e+01	-8.00000000e+00	1.00000000e+08	8.61634306e-05	-4.14177557e-05
1.00000000e+01	-8.00000000e+00	2.00000000e+08	1.31522687e-06	3.79912052e-05
1.00000000e+01	-8.00000000e+00	4.00000000e+08	-2.49166031e-06	3.79665386e-05
1.00000000e+01	-9.00000000e+00	1.00000000e+08	1.14675207e-04	-8.75741651e-05
1.00000000e+01	-9.00000000e+00	2.00000000e+08	4.91952651e-05	-1.50504801e-05
1.00000000e+01	-9.00000000e+00	4.00000000e+08	4.31166717e-05	-1.27870456e-05
1.00000000e+01	-1.00000000e+01	1.00000000e+08	5.99350773e-05	-1.30646438e-04
1.00000000e+01	-1.00000000e+01	2.00000000e+08	-2.18978182e-06	-4.76490393e-05
1.00000000e+01	-1.00000000e+01	4.00000000e+08	-5.19053644e-05	5.92572438e-06

TRX_EY_DIPOLE
 -10 -6 1

N_RECV 10
N_FREQ 3
1.00000000e+01	-1.00000000e+00	1.00000000e+08	-1.08918674e-05	-4.87980135e-06
1.00000000e+01	-1.00000000e+00	2.00000000e+08	-5.99905751e-06	-3.30751393e-06
1.00000000e+01	-1.00000000e+00	4.00000000e+08	1.22217141e-05	-1.56717456e-05
1.00000000e+01	-2.00000000e+00	1.00000000e+08	-1.07803756e-05	-1.19054910e-06
1.00000000e+01	-2.00000000e+00	2.00000000e+08	-1.23832831e-05	-3.49492410e-05
1.00000000e+01	-2.00000000e+00	4.00000000e+08	2.11595937e-05	6.49879370e-07
1.00000000e+01	-3.00000000e+00	1.00000000e+08	-1.13313345e-05	3.85173748e-06
1.00000000e+01	-3.00000000e+00	2.00000000e+08	2.66216479e-05	8.83546527e-06
1.00000000e+01	-3.00000000e+00	4.00000000e+08	1.24701795e-05	9.72609720e-06
1.00000000e+01	-4.00000000e+00	1.00000000e+08	-2.16053786e-05	9.73722373e-06
1.00000000e+01	-4.00000000e+00	2.00000000e+08	-2.51520103e-05	-9.19920969e-06
1.00000000e+01	-4.00000000e+00	4.00000000e+08	-1.03424620e-06	-2.56100412e-05
1.00000000e+01	-5.00000000e+00	1.00000000e+08	-2.67309355e-05	-2.14835775e-07
1.00000000e+01	-5.00000000e+00	2.00000000e+08	1.63720840e-05	-4.99219238e-06
1.00000000e+01	-5.00000000e+00	4.00000000e+08	-3.10484237e-05	-2.86900349e-05
1.00000000e+01	-6.00000000e+00	1.00000000e+08	7.00779145e-06	-8.91938302e-06
1.00000000e+01	-6.00000000e+00	2.00000000e+08	-4.14779368e-05	3.19200991e-05
1.00000000e+01	-6.00000000e+00	4.00000000e+08	-1.75547559e-05	-1.10034164e-05
1.00000000e+01	-7.00000000e+00	1.00000000e+08	7.94404001e-05	5.82344786e-06
1.00000000e+01	-7.00000000e+00	2.00000000e+08	-6.68435894e-05	8.09241302e-06
1.00000000e+01	-7.00000000e+00	4.00000000e+08	-2.43382939e-06	-3.97523700e-05
1.00000000e+01	-8.00000000e+00	1.00000000e+08	1.53772192e-04	1.24058789e-05
1.00000000e+01	-8.00000000e+00	2.00000000e+08	-1.36517734e-06	4.60303767e-05
1.00000000e+01	-8.00000000e+00	4.00000000e+08	-5.98489587e-05	2.58299286e-05
1.00000000e+01	-9.00000000e+00	1.00000000e+08	1.76969483e-04	-3.09759739e-05
1.00000000e+01	-9.00000000e+00	2.00000000e+08	7.84007952e-05	4.08194405e-05
1.00000000e+01	-9.00000000e+00	4.00000000e+08	1.46836957e-05	9.63798311e-06
1.00000000e+01	-1.00000000e+01	1.00000000e+08	1.17454205e-04	-8.87006884e-05
1.00000000e+01	-1.00000000e+01	2.00000000e+08	5.09975963e-05	-1.67492062e-05
1.00000000e+01	-1.00000000e+01	4.00000000e+08	4.06669854e-05	-1.37480408e-05

TRX_EY_DIPOLE
 -10 -7 1

N_RECV 10
N_FREQ 3
1.00000000e+01	-1.00000000e+00	1.00000000e+08	-1.76231660e-05	5.49235682e-06
1.00000000e+01	-1.00000000e+00	2.00000000e+08	-1.87437384e-05	2.19764971e-05
1.00000000e+01	-1.00000000e+00	4.00000000e+08	-4.56516351e-06	-3.49219464e-06
1.00000000e+01	-2.00000000e+00	1.00000000e+08	-7.46027639e-06	2.42180118e-06
1.00000000e+01	-2.00000000e+00	2.00000000e+08	6.58657133e-06	1.08582937e-06
1.00000000e+01	-2.00000000e+00	4.00000000e+08	-5.19089482e-06	-3.19493908e-06
1.00000000e+01	-3.00000000e+00	1.00000000e+08	-1.15154077e-05	8.84221553e-06
1.00000000e+01	-3.00000000e+00	2.00000000e+08	-3.81459468e-05	8.47308985e-06
1.00000000e+01	-3.00000000e+00	4.00000000e+08	8.24527196e-06	-1.81444362e-05
1.00000000e+01	-4.00000000e+00	1.00000000e+08	-1.56231737e-05	-5.46910901e-06
1.00000000e+01	-4.00000000e+00	2.00000000e+08	1.76153713e-05	-1.80727200e-05
1.00000000e+01	-4.00000000e+00	4.00000000e+08	-2.12684387e-05	2.22364875e-05
1.00000000e+01	-5.00000000e+00	1.00000000e+08	1.80709278e-05	-2.02306799e-05
1.00000000e+01	-5.00000000e+00	2.00000000e+08	-2.77930019e-05	5.55078358e-05
1.00000000e+01	-5.00000000e+00	4.00000000e+08	-3.10210917e-05	4.01478022e-06
1.00000000e+01	-6.00000000e+00	1.00000000e+08	8.01042305e-05	5.27041676e-06
1.00000000e+01	-6.00000000e+00	2.00000000e+08	-6.68292067e-05	8.90699161e-06
1.00000000e+01	-6.00000000e+00	4.00000000e+08	-4.00483342e-06	-3.88157829e-05
1.00000000e+01	-7.00000000e+00	1.00000000e+08	1.35787654e-04	5.33058207e-05
1.00000000e+01	-7.00000000e+00	2.00000000e+08	-2.66566165e-05	3.85513028e-05
1.00000000e+01	-7.00000000e+00	4.00000000e+08	-7.22149646e-05	-2.99361470e-05
1.00000000e+01	-8.00000000e+00	1.00000000e+08	1.67952404e-04	6.35269674e-05
1.00000000e+01	-8.00000000e+00	2.00000000e+08	-1.14994207e-05	7.41706398e-05
1.00000000e+01	-8.00000000e+00	4.00000000e+08	2.86671853e-05	-1.94811607e-05
1.00000000e+01	-9.00000000e+00	1.00000000e+08	1.56891747e-04	1.34838420e-05
1.00000000e+01	-9.00000000e+00	2.00000000e+08	1.05958729e-06	4.80251069e-05
1.00000000e+01	-9.00000000e+00	4.00000000e+08	-5.77940090e-05	2.22683129e-05
1.00000000e+01	-1.00000000e+01	1.00000000e+08	9.04133623e-05	-4.15040144e-05
1.00000000e+01	-1.00000000e+01	2.00000000e+08	3.11240869e-06	3.68690719e-05
1.00000000e+01	-1.00000000e+01	4.00000000e+08	8.41604220e-07	4.03083736e-05

TRX_EY_DIPOLE
 -10 -8 1

N_RECV 10
N_FREQ 3
1.00000000e+01	-1.00000000e+00	1.00000000e+08	-2.07598446e-05	4.56984899e-06
1.00000000e+01	-1.00000000e+00	2.00000000e+08	1.83901728e-05	-8.23489944e-06
1.00000000e+01	-1.00000000e+00	4.00000000e+08	9.99233200e-07	7.22258433e-06
1.00000000e+01	-2.00000000e+00	1.00000000e+08	-5.81696885e-06	-8.51822256e-06
1.00000000e+01	-2.00000000e+00	2.00000000e+08	-1.75268969e-05	1.65828581e-05
1.00000000e+01	-2.00000000e+00	4.00000000e+08	5.94993793e-06	-5.07196738e-06
1.00000000e+01	-3.00000000e+00	1.00000000e+08	-3.68161502e-06	-1.18581360e-05
1.00000000e+01	-3.00000000e+00	2.00000000e+08	1.24899578e-05	-3.88660154e-05
1.00000000e+01	-3.00000000e+00	4.00000000e+08	-1.98597010e-05	8.82075192e-06
1.00000000e+01	-4.00000000e+00	1.00000000e+08	1.56473290e-05	-3.95390411e-05
1.00000000e+01	-4.00000000e+00	2.00000000e+08	4.39760092e-05	2.29222876e-05
1.00000000e+01	-4.00000000e+00	4.00000000e+08	3.54936626e-05	-4.32283988e-06
1.00000000e+01	-5.00000000e+00	1.00000000e+08	8.62588923e-05	-4.31611470e-05
1.00000000e+01	-5.00000000e+00	2.00000000e+08	3.76820257e-06	3.71832186e-05
1.00000000e+01	-5.00000000e+00	4.00000000e+08	1.81541858e-06	3.89927859e-05
1.00000000e+01	-6.00000000e+00	1.00000000e+08	1.54479570e-04	1.04003993e-05
1.00000000e+01	-6.00000000e+00	2.00000000e+08	1.28308516e-06	4.65286295e-05
1.00000000e+01	-6.00000000e+00	4.00000000e+08	-5.79529579e-05	2.79534605e-05
1.00000000e+01	-7.00000000e+00	1.00000000e+08	1.68643515e-04	6.23053104e-05
1.00000000e+01	-7.00000000e+00	2.00000000e+08	-1.07231601e-05	7.39777838e-05
1.00000000e+01	-7.00000000e+00	4.00000000e+08	2.76670801e-05	-1.98162032e-05
1.00000000e+01	-8.00000000e+00	1.00000000e+08	1.38417205e-04	5.49344569e-05
1.00000000e+01	-8.00000000e+00	2.00000000e+08	-2.55235746e-05	4.15448081e-05
1.00000000e+01	-8.00000000e+00	4.00000000e+08	-6.79253535e-05	-3.24646611e-05
1.00000000e+01	-9.00000000e+00	1.00000000e+08	8.33616712e-05	7.77449398e-06
1.00000000e+01	-9.00000000e+00	2.00000000e+08	-6.49428331e-05	7.81200039e-06
1.00000000e+01	-9.00000000e+00	4.00000000e+08	-4.48799755e-06	-3.24546463e-05
1.00000000e+01	-1.00000000e+01	1.00000000e+08	2.04218967e-05	-1.98011603e-05
1.00000000e+01	-1.00000000e+01	2.00000000e+08	-3.32398242e-05	5.49779344e-05
1.00000000e+01	-1.00000000e+01	4.00000000e+08	-3.64398950e-05	2.17940691e-06

TRX_EY_DIPOLE
 -10 -9 1

N_RECV 10
N_FREQ 3
1.00000000e+01	-1.00000000e+00	1.00000000e+08	-1.23711942e-05	7.59641788e-06
1.00000000e+01	-1.00000000e+00	2.00000000e+08	4.53061081e-07	-2.20869600e-05
1.00000000e+01	-1.00000000e+00	4.00000000e+08	-5.81750964e-06	-8.97808647e-06
1.00000000e+01	-2.00000000e+00	1.00000000e+08	-1.81597230e-05	-7.65469596e-06
1.00000000e+01	-2.00000000e+00	2.00000000e+08	-3.58933606e-06	6.73976535e-06
1.00000000e+01	-2.00000000e+00	4.00000000e+08	-5.07258380e-06	3.92086943e-06
1.00000000e+01	-3.00000000e+00	1.00000000e+08	-2.09241770e-05	-3.76793298e-05
1.00000000e+01	-3.00000000e+00	2.00000000e+08	6.87400502e-06	-2.57961083e-05
1.00000000e+01	-3.00000000e+00	4.00000000e+08	1.55255781e-05	-1.39565945e-06
1.00000000e+01	-4.00000000e+00	1.00000000e+08	2.01572673e-05	-8.60473985e-05
1.00000000e+01	-4.00000000e+00	2.00000000e+08	2.23650217e-05	-3.52059785e-06
1.00000000e+01	-4.00000000e+00	4.00000000e+08	-3.62814831e-05	-1.33993621e-05
1.00000000e+01	-5.00000000e+00	1.00000000e+08	1.12525968e-04	-9.01732231e-05
1.00000000e+01	-5.00000000e+00	2.00000000e+08	4.77781355e-05	-1.73357653e-05
1.00000000e+01	-5.00000000e+00	4.00000000e+08	3.99974976e-05	-1.71652983e-05
1.00000000e+01	-6.00000000e+00	1.00000000e+08	1.75931165e-04	-3.41831885e-05
1.00000000e+01	-6.00000000e+00	2.00000000e+08	8.01163536e-05	3.76727147e-05
1.00000000e+01	-6.00000000e+00	4.00000000e+08	1.65348520e-05	9.69188792e-06
1.00000000e+01	-7.00000000e+00	1.00000000e+08	1.56894034e-04	1.12697782e-05
1.00000000e+01	-7.00000000e+00	2.00000000e+08	3.19122147e-06	4.81322184e-05
1.00000000e+01	-7.00000000e+00	4.00000000e+08	-5.59980047e-05	2.50451626e-05
1.00000000e+01	-8.00000000e+00	1.00000000e+08	8.36116374e-05	7.01630375e-06
1.00000000e+01	-8.00000000e+00	2.00000000e+08	-6.51821716e-05	8.54119361e-06
1.00000000e+01	-8.00000000e+00	4.00000000e+08	-6.22438841e-06	-3.22666786e-05
1.00000000e+01	-9.00000000e+00	1.00000000e+08	9.60420115e-06	-8.45016034e-06
1.00000000e+01	-9.00000000e+00	2.00000000e+08	-4.53272551e-05	3.07580175e-05
1.00000000e+01	-9.00000000e+00	4.00000000e+08	-2.36455332e-05	-1.75111210e-05
1.00000000e+01	-1.00000000e+01	1.00000000e+08	-2.63138458e-05	-1.32848252e-06
1.00000000e+01	-1.00000000e+01	2.00000000e+08	1.65768765e-05	-1.38529756e-06
1.00000000e+01	-1.00000000e+01	4.00000000e+08	-2.64203740e-05	-3.64824645e-05

TRX_EY_DIPOLE
 -10 -10 1

N_RECV 10
N_FREQ 3
1.00000000e+01	-1.00000000e+00	1.00000000e+08	1.40191004e-05	9.80073602e-07
1.00000000e+01	-1.00000000e+00	2.00000000e+08	-2.49643324e-06	1.07482433e-05
1.00000000e+01	-1.00000000e+00	4.00000000e+08	8.56739014e-06	7.58350880e-07
1.00000000e+01	-2.00000000e+00	1.00000000e+08	-1.37992651e-05	2.33172944e-05
1.00000000e+01	-2.00000000e+00	2.00000000e+08	2.18126218e-05	-2.89770094e-05
1.00000000e+01	-2.00000000e+00	4.00000000e+08	1.44927237e-05	-8.12469494e-06
1.00000000e+01	-3.00000000e+00	1.00000000e+08	-5.97631588e-05	-1.56316181e-05
1.00000000e+01	-3.00000000e+00	2.00000000e+08	2.92255080e-05	5.78365723e-05
1.00000000e+01	-3.00000000e+00	4.00000000e+08	-1.98216893e-05	-1.38667367e-05
1.00000000e+01	-4.00000000e+00	1.00000000e+08	-3.58038140e-05	-9.92902277e-05
1.00000000e+01	-4.00000000e+00	2.00000000e+08	-5.49953857e-05	1.81180124e-05
1.00000000e+01	-4.00000000e+00	4.00000000e+08	3.83119318e-05	2.69910774e-05
1.00000000e+01	-5.00000000e+00	1.00000000e+08	5.53896323e-05	-1.31343143e-04
1.00000000e+01	-5.00000000e+00	2.00000000e+08	-6.12562718e-06	-4.69913179e-05
1.00000000e+01	-5.00000000e+00	4.00000000e+08	-5.16712227e-05	1.13212174e-05
1.00000000e+01	-6.00000000e+00	1.00000000e+08	1.14261684e-04	-9.06341659e-05
1.00000000e+01	-6.00000000e+00	2.00000000e+08	4.88249204e-05	-1.81876144e-05
1.00000000e+01	-6.00000000e+00	4.00000000e+08	3.82685707e-05	-1.78032079e-05
1.00000000e+01	-7.00000000e+00	1.00000000e+08	8.91398500e-05	-4.28824817e-05
1.00000000e+01	-7.00000000e+00	2.00000000e+08	5.19070963e-06	3.63284717e-05
1.00000000e+01	-7.00000000e+00	4.00000000e+08	4.21728886e-06	4.10936290e-05
1.00000000e+01	-8.00000000e+00	1.00000000e+08	2.04192350e-05	-2.03001002e-05
1.00000000e+01	-8.00000000e+00	2.00000000e+08	-3.09321872e-05	5.51547299e-05
1.00000000e+01	-8.00000000e+00	4.00000000e+08	-3.61247044e-05	3.02709165e-06
1.00000000e+01	-9.00000000e+00	1.00000000e+08	-2.60986530e-05	-1.55165684e-06
1.00000000e+01	-9.00000000e+00	2.00000000e+08	1.63478619e-05	-6.98726552e-07
1.00000000e+01	-9.00000000e+00	4.00000000e+08	-2.67656783e-05	-3.52552058e-05
1.00000000e+01	-1.00000000e+01	1.00000000e+08	-2.25656837e-05	1.29611989e-05
1.00000000e+01	-1.00000000e+01	2.00000000e+08	-3.70802599e-05	-2.69668168e-05
1.00000000e+01	-1.00000000e+01	4.00000000e+08	2.51394337e-05	-3.08278260e-05